-1.509947329759597778e-01 -1.603075861930847168e-02
1.080781966447830200e-02 -1.936957240104675293e-01
-4.659713804721832275e-01 -1.066877484321594238e+00
-2.726166546344757080e-01 2.308780094608664513e-03
3.198679983615875244e-01 -5.499352142214775085e-02
-4.977657198905944824e-01 7.695512771606445312e-01
-3.191490769386291504e-01 -8.489962220191955566e-01
-1.959388256072998047e-01 -2.850441634654998779e-02
-9.612108767032623291e-02 1.698369979858398438e-01
-6.192239001393318176e-02 1.594820469617843628e-01
8.881165832281112671e-02 -2.241631001234054565e-01
1.718100309371948242e-01 -9.250479936599731445e-01
2.217892706394195557e-01 2.104776203632354736e-01
2.951058745384216309e-01 -2.410514093935489655e-02
2.241936028003692627e-01 -8.867852389812469482e-02
-4.796098470687866211e-01 -7.880243062973022461e-01
-9.018775224685668945e-01 -7.089545726776123047e-01
7.482765913009643555e-01 -5.597674846649169922e-01
-1.908873468637466431e-01 -1.506596952676773071e-01
2.316117733716964722e-01 1.012058377265930176e+00
8.138750791549682617e-01 2.282131165266036987e-01
-3.405458629131317139e-01 5.389325320720672607e-02
1.886384487152099609e-01 -1.377375125885009766e-01
-2.437352202832698822e-02 8.287589251995086670e-02
-7.265141010284423828e-01 5.863094925880432129e-01
-3.393085300922393799e-01 -1.008098363876342773e+00
5.271820724010467529e-02 -2.143675088882446289e-01
-9.539309144020080566e-01 -3.341031372547149658e-01
6.927241086959838867e-01 -5.957641601562500000e-01
3.545999759808182716e-03 -9.098263978958129883e-01
-2.928155474364757538e-02 3.187688291072845459e-01
3.527138829231262207e-01 -6.983981281518936157e-02
-2.507897559553384781e-03 -8.283279091119766235e-02
6.129685789346694946e-02 -1.575946807861328125e-01
6.618393957614898682e-02 -6.962687522172927856e-02
3.184350430965423584e-01 -9.793734550476074219e-01
9.290118813514709473e-01 -3.199330866336822510e-01
-5.047870054841041565e-02 9.719383716583251953e-02
-1.017974257469177246e+00 2.345452457666397095e-01
-5.132463574409484863e-01 -8.001394867897033691e-01
-1.049255486577749252e-02 -1.555659174919128418e-01
1.522216051816940308e-01 8.469958603382110596e-02
-1.362766176462173462e-01 1.892504654824733734e-02
-1.366399824619293213e-01 7.088593840599060059e-01
-2.572836577892303467e-01 -1.642256975173950195e-01
4.181261360645294189e-01 -8.206178545951843262e-01
8.457570075988769531e-01 -6.389146447181701660e-01
1.161014381796121597e-02 -2.070506215095520020e-01
-8.747434616088867188e-01 -9.886801987886428833e-02
4.315567389130592346e-02 5.604452639818191528e-02
6.549535393714904785e-01 -5.947199463844299316e-01
8.904276788234710693e-02 1.690539568662643433e-01
-1.061706542968750000e+00 3.031973242759704590e-01
9.677955508232116699e-01 5.633282661437988281e-01
1.783069670200347900e-01 1.517345905303955078e-01
9.717674851417541504e-01 -8.311653137207031250e-02
-7.406182885169982910e-01 4.606313705444335938e-01
1.197133362293243408e-01 -3.590272068977355957e-01
9.202249050140380859e-01 3.375726640224456787e-01
-1.755266189575195312e-01 -2.488718181848526001e-02
-8.114891052246093750e-01 -6.175624132156372070e-01
-9.466772526502609253e-02 2.074286043643951416e-01
-2.583540678024291992e-01 1.107265800237655640e-01
6.377142071723937988e-01 -8.435153365135192871e-01
7.513615489006042480e-01 -3.400569260120391846e-01
1.147365942597389221e-01 -2.248081862926483154e-01
5.285524129867553711e-01 8.927040100097656250e-01
1.544151455163955688e-01 5.497066304087638855e-03
1.026695132255554199e+00 -1.098796445876359940e-02
-8.813519962131977081e-03 -2.693446874618530273e-01
8.925825357437133789e-02 2.066346555948257446e-01
-9.112213253974914551e-01 5.013160705566406250e-01
7.425923645496368408e-02 6.862794607877731323e-02
-2.491899766027927399e-02 1.442691534757614136e-01
7.421894073486328125e-01 7.924357056617736816e-01
1.060656458139419556e-01 -1.562746986746788025e-02
-1.016333624720573425e-01 8.614435195922851562e-01
4.461079370230436325e-03 5.356097966432571411e-02
-1.077685728669166565e-01 -1.688638627529144287e-01
-2.109938859939575195e-01 8.116157054901123047e-01
-1.004077792167663574e+00 -5.507015585899353027e-01
-9.269573688507080078e-01 -4.105727076530456543e-01
2.049779146909713745e-01 8.764066100120544434e-01
-6.659808158874511719e-01 6.503273844718933105e-01
-9.226339459419250488e-01 6.805924773216247559e-01
2.094029188156127930e-01 1.507611572742462158e-01
-8.871477246284484863e-01 1.276883482933044434e-02
7.218259572982788086e-01 6.266186237335205078e-01
-1.255610287189483643e-01 2.100426256656646729e-01
-1.241404861211776733e-01 7.347375154495239258e-02
1.060961365699768066e+00 8.407630026340484619e-02
-4.044345319271087646e-01 8.479976058006286621e-01
-2.775663696229457855e-02 6.011688709259033203e-02
-1.809106767177581787e-01 -4.523645155131816864e-03
8.334249258041381836e-01 6.127870678901672363e-01
-1.874310225248336792e-01 -1.124905645847320557e-01
2.760258615016937256e-01 8.873056173324584961e-01
-2.771934568881988525e-01 -2.001184076070785522e-01
2.685975432395935059e-01 1.004521250724792480e+00
-2.242241203784942627e-01 -9.041692614555358887e-01
